1661540662.025236 0.6580 0 -0.165 0.087 -1.018 -23.704 12.521 -146.046 -0.379 0.200 -2.337
1661540662.0280683 0.6610 1 -0.495 -0.619 0.610 -71.006 -88.725 87.544 -1.136 -1.420 1.401
1661540662.0413253 0.6740 0 -0.164 0.082 -1.028 -23.511 11.760 -147.420 -0.376 0.188 -2.359
1661540662.0440326 0.6770 1 -0.492 -0.625 0.621 -70.577 -89.661 89.101 -1.129 -1.435 1.426
1661540662.0573857 0.6900 0 -0.167 0.079 -1.046 -23.905 11.366 -150.019 -0.382 0.182 -2.400
1661540662.060224 0.6930 1 -0.487 -0.617 0.621 -69.860 -88.533 89.145 -1.118 -1.417 1.426
1661540662.0734239 0.7060 0 -0.165 0.077 -1.035 -23.625 11.113 -148.400 -0.378 0.178 -2.374
1661540662.0762572 0.7090 1 -0.481 -0.601 0.616 -69.064 -86.144 88.410 -1.105 -1.378 1.415
1661540662.0893795 0.7220 0 -0.165 0.085 -1.032 -23.634 12.127 -148.041 -0.378 0.194 -2.369
1661540662.0921242 0.7250 1 -0.493 -0.620 0.617 -70.665 -88.909 88.550 -1.131 -1.423 1.417
1661540662.1053615 0.7380 0 -0.165 0.078 -1.027 -23.730 11.139 -147.298 -0.380 0.178 -2.357
1661540662.1082265 0.7410 1 -0.477 -0.616 0.616 -68.372 -88.314 88.366 -1.094 -1.413 1.414
1661540662.1212816 0.7540 0 -0.161 0.085 -1.014 -23.153 12.198 -145.399 -0.370 0.195 -2.326
1661540662.124134 0.7570 1 -0.490 -0.621 0.611 -70.350 -89.101 87.605 -1.126 -1.426 1.402
1661540662.1373463 0.7700 0 -0.163 0.079 -1.035 -23.362 11.349 -148.426 -0.374 0.182 -2.375
1661540662.1401691 0.7730 1 -0.490 -0.614 0.608 -70.219 -88.051 87.238 -1.123 -1.409 1.396
1661540662.153206 0.7860 0 -0.166 0.083 -1.034 -23.791 11.900 -148.391 -0.381 0.190 -2.374
1661540662.1561663 0.7890 1 -0.488 -0.629 0.616 -69.965 -90.247 88.331 -1.119 -1.444 1.413
1661540662.1693287 0.8020 0 -0.168 0.081 -1.025 -24.167 11.559 -147.000 -0.387 0.185 -2.352
1661540662.1721556 0.8050 1 -0.481 -0.614 0.620 -69.064 -88.121 88.952 -1.105 -1.410 1.423
1661540662.1852956 0.8180 0 -0.164 0.080 -1.030 -23.520 11.541 -147.796 -0.376 0.185 -2.365
1661540662.1881235 0.8210 1 -0.498 -0.618 0.620 -71.470 -88.585 88.918 -1.144 -1.417 1.423
1661540662.2012951 0.8340 0 -0.165 0.083 -1.027 -23.730 11.839 -147.315 -0.380 0.189 -2.357
1661540662.2040799 0.8370 1 -0.485 -0.613 0.622 -69.624 -87.981 89.206 -1.114 -1.408 1.427
1661540662.2172694 0.8500 0 -0.164 0.081 -1.018 -23.581 11.602 -146.011 -0.377 0.186 -2.336
1661540662.2201893 0.8530 1 -0.492 -0.626 0.622 -70.577 -89.854 89.241 -1.129 -1.438 1.428
1661540662.2332993 0.8660 0 -0.168 0.081 -1.026 -24.063 11.664 -147.227 -0.385 0.187 -2.356
1661540662.2362034 0.8690 1 -0.489 -0.610 0.619 -70.096 -87.500 88.813 -1.122 -1.400 1.421
1661540662.2493916 0.8820 0 -0.167 0.083 -1.026 -23.896 11.926 -147.149 -0.382 0.191 -2.354
1661540662.2522142 0.8850 1 -0.489 -0.618 0.613 -70.149 -88.603 87.894 -1.122 -1.418 1.406
1661540662.2652826 0.8980 0 -0.164 0.081 -1.030 -23.564 11.585 -147.796 -0.377 0.185 -2.365
1661540662.2680967 0.9010 1 -0.484 -0.619 0.614 -69.466 -88.786 88.113 -1.111 -1.421 1.410
1661540662.2812965 0.9140 0 -0.163 0.084 -1.029 -23.450 12.005 -147.621 -0.375 0.192 -2.362
1661540662.2840583 0.9170 1 -0.498 -0.621 0.616 -71.418 -89.022 88.375 -1.143 -1.424 1.414
1661540662.2972596 0.9300 0 -0.165 0.082 -1.022 -23.677 11.760 -146.536 -0.379 0.188 -2.345
1661540662.3001597 0.9330 1 -0.484 -0.611 0.617 -69.484 -87.614 88.515 -1.112 -1.402 1.416
1661540662.3132167 0.9460 0 -0.164 0.084 -1.025 -23.529 12.066 -147.044 -0.376 0.193 -2.353
1661540662.3161573 0.9490 1 -0.493 -0.624 0.622 -70.656 -89.495 89.268 -1.131 -1.432 1.428
1661540662.3293333 0.9620 0 -0.164 0.080 -1.026 -23.520 11.471 -147.149 -0.376 0.184 -2.354
1661540662.332161 0.9650 1 -0.483 -0.617 0.622 -69.274 -88.480 89.171 -1.108 -1.416 1.427
1661540662.3452098 0.9780 0 -0.164 0.084 -1.022 -23.468 11.988 -146.571 -0.375 0.192 -2.345
1661540662.3481562 0.9810 1 -0.488 -0.617 0.619 -69.948 -88.541 88.769 -1.119 -1.417 1.420
1661540662.3612802 0.9940 0 -0.165 0.081 -1.028 -23.704 11.664 -147.446 -0.379 0.187 -2.359
1661540662.3640115 0.9970 1 -0.489 -0.616 0.619 -70.192 -88.375 88.786 -1.123 -1.414 1.421
1661540662.37726 1.0100 0 -0.166 0.081 -1.027 -23.791 11.594 -147.315 -0.381 0.186 -2.357
1661540662.3801486 1.0130 1 -0.491 -0.621 0.617 -70.368 -89.128 88.506 -1.126 -1.426 1.416
1661540662.3933675 1.0260 0 -0.164 0.083 -1.020 -23.459 11.970 -146.265 -0.375 0.192 -2.340
1661540662.396036 1.0290 1 -0.488 -0.617 0.617 -69.974 -88.550 88.515 -1.120 -1.417 1.416
1661540662.4093955 1.0420 0 -0.165 0.081 -1.027 -23.608 11.690 -147.333 -0.378 0.187 -2.357
1661540662.4120612 1.0450 1 -0.489 -0.615 0.618 -70.131 -88.244 88.637 -1.122 -1.412 1.418
1661540662.4252331 1.0580 0 -0.165 0.083 -1.020 -23.730 11.856 -146.309 -0.380 0.190 -2.341
1661540662.4280722 1.0610 1 -0.492 -0.621 0.619 -70.534 -89.136 88.804 -1.129 -1.426 1.421
1661540662.4414415 1.0740 0 -0.166 0.078 -1.026 -23.809 11.209 -147.175 -0.381 0.179 -2.355
1661540662.4443085 1.0770 1 -0.481 -0.617 0.624 -69.037 -88.524 89.478 -1.105 -1.416 1.432
1661540662.457466 1.0900 0 -0.166 0.082 -1.023 -23.774 11.804 -146.702 -0.380 0.189 -2.347
1661540662.4602358 1.0930 1 -0.493 -0.623 0.619 -70.656 -89.381 88.786 -1.131 -1.430 1.421
1661540662.4734807 1.1060 0 -0.168 0.081 -1.023 -24.080 11.550 -146.720 -0.385 0.185 -2.348
1661540662.4766319 1.1090 1 -0.485 -0.614 0.624 -69.632 -88.139 89.495 -1.114 -1.410 1.432
1661540662.4893346 1.1220 0 -0.164 0.084 -1.019 -23.546 12.031 -146.186 -0.377 0.193 -2.339
1661540662.492396 1.1250 1 -0.491 -0.625 0.619 -70.385 -89.591 88.769 -1.126 -1.433 1.420
1661540662.505334 1.1380 0 -0.167 0.081 -1.025 -23.966 11.550 -147.079 -0.383 0.185 -2.353
1661540662.5081837 1.1410 1 -0.486 -0.617 0.621 -69.755 -88.559 89.101 -1.116 -1.417 1.426
1661540662.521192 1.1540 0 -0.164 0.081 -1.019 -23.476 11.690 -146.204 -0.376 0.187 -2.339
1661540662.524059 1.1570 1 -0.492 -0.619 0.620 -70.613 -88.743 88.961 -1.130 -1.420 1.423
1661540662.5372524 1.1700 0 -0.163 0.082 -1.027 -23.345 11.699 -147.289 -0.374 0.187 -2.357
1661540662.5400703 1.1730 1 -0.490 -0.616 0.618 -70.298 -88.357 88.585 -1.125 -1.414 1.417
1661540662.5533676 1.1860 0 -0.168 0.081 -1.022 -24.071 11.576 -146.641 -0.385 0.185 -2.346
1661540662.5561957 1.1890 1 -0.489 -0.617 0.621 -70.131 -88.559 89.058 -1.122 -1.417 1.425
1661540662.5692594 1.2020 0 -0.165 0.081 -1.021 -23.599 11.594 -146.519 -0.378 0.186 -2.344
1661540662.5720072 1.2050 1 -0.486 -0.619 0.623 -69.668 -88.760 89.425 -1.115 -1.420 1.431
1661540662.5851946 1.2180 0 -0.165 0.082 -1.020 -23.669 11.725 -146.318 -0.379 0.188 -2.341
1661540662.5880747 1.2210 1 -0.487 -0.620 0.625 -69.808 -88.891 89.696 -1.117 -1.422 1.435
1661540662.6012337 1.2340 0 -0.164 0.081 -1.023 -23.546 11.602 -146.694 -0.377 0.186 -2.347
1661540662.6040778 1.2370 1 -0.488 -0.619 0.622 -70.018 -88.778 89.162 -1.120 -1.420 1.427
1661540662.6171832 1.2500 0 -0.162 0.083 -1.017 -23.301 11.865 -145.950 -0.373 0.190 -2.335
1661540662.6201227 1.2530 1 -0.490 -0.618 0.623 -70.350 -88.611 89.381 -1.126 -1.418 1.430
1661540662.6332455 1.2660 0 -0.164 0.080 -1.026 -23.529 11.410 -147.193 -0.376 0.183 -2.355
1661540662.6360135 1.2690 1 -0.488 -0.617 0.619 -70.070 -88.515 88.848 -1.121 -1.416 1.422
1661540662.6492338 1.2820 0 -0.166 0.081 -1.022 -23.879 11.594 -146.606 -0.382 0.186 -2.346
1661540662.6520586 1.2850 1 -0.489 -0.618 0.619 -70.096 -88.637 88.813 -1.122 -1.418 1.421
1661540662.6652055 1.2980 0 -0.164 0.083 -1.021 -23.538 11.900 -146.449 -0.377 0.190 -2.343
1661540662.6680746 1.3010 1 -0.490 -0.620 0.621 -70.324 -88.891 89.022 -1.125 -1.422 1.424
1661540662.681325 1.3140 0 -0.165 0.082 -1.022 -23.616 11.813 -146.667 -0.378 0.189 -2.347
1661540662.684067 1.3170 1 -0.491 -0.617 0.622 -70.446 -88.515 89.189 -1.127 -1.416 1.427
1661540662.6972291 1.3300 0 -0.166 0.081 -1.022 -23.791 11.550 -146.606 -0.381 0.185 -2.346
1661540662.700203 1.3330 1 -0.488 -0.618 0.623 -70.044 -88.594 89.372 -1.121 -1.418 1.430
1661540662.7132308 1.3460 0 -0.163 0.083 -1.018 -23.389 11.918 -146.003 -0.374 0.191 -2.336
1661540662.716139 1.3490 1 -0.487 -0.620 0.624 -69.869 -88.918 89.548 -1.118 -1.423 1.433
1661540662.7293084 1.3620 0 -0.165 0.081 -1.023 -23.712 11.620 -146.694 -0.379 0.186 -2.347
1661540662.7320426 1.3650 1 -0.486 -0.621 0.626 -69.729 -89.119 89.854 -1.116 -1.426 1.438
1661540662.7452977 1.3780 0 -0.165 0.080 -1.020 -23.608 11.515 -146.352 -0.378 0.184 -2.342
1661540662.748109 1.3810 1 -0.487 -0.619 0.622 -69.904 -88.804 89.268 -1.118 -1.421 1.428
1661540662.7613225 1.3940 0 -0.164 0.080 -1.024 -23.590 11.515 -146.825 -0.377 0.184 -2.349
1661540662.7641704 1.3970 1 -0.490 -0.618 0.622 -70.254 -88.690 89.268 -1.124 -1.419 1.428
1661540662.7773533 1.4100 0 -0.164 0.082 -1.018 -23.459 11.813 -146.081 -0.375 0.189 -2.337
1661540662.7801313 1.4130 1 -0.489 -0.618 0.620 -70.158 -88.681 88.909 -1.123 -1.419 1.423
1661540662.7932758 1.4260 0 -0.166 0.084 -1.020 -23.756 11.988 -146.352 -0.380 0.192 -2.342
1661540662.796104 1.4290 1 -0.489 -0.618 0.622 -70.131 -88.681 89.232 -1.122 -1.419 1.428
1661540662.809326 1.4420 0 -0.165 0.081 -1.021 -23.642 11.629 -146.431 -0.378 0.186 -2.343
1661540662.8121436 1.4450 1 -0.487 -0.617 0.624 -69.869 -88.497 89.460 -1.118 -1.416 1.431
1661540662.8253298 1.4580 0 -0.165 0.080 -1.024 -23.704 11.506 -146.816 -0.379 0.184 -2.349
1661540662.8281488 1.4610 1 -0.489 -0.620 0.624 -70.114 -89.005 89.460 -1.122 -1.424 1.431
1661540662.8413477 1.4740 0 -0.164 0.080 -1.020 -23.590 11.541 -146.352 -0.377 0.185 -2.342
1661540662.8442616 1.4770 1 -0.485 -0.618 0.624 -69.606 -88.594 89.574 -1.114 -1.418 1.433
1661540662.8577557 1.4900 0 -0.164 0.083 -1.019 -23.529 11.900 -146.116 -0.376 0.190 -2.338
1661540662.8603017 1.4930 1 -0.489 -0.617 0.625 -70.122 -88.506 89.600 -1.122 -1.416 1.434
1661540662.8734019 1.5060 0 -0.166 0.084 -1.019 -23.817 11.988 -146.134 -0.381 0.192 -2.338
1661540662.8762279 1.5090 1 -0.487 -0.618 0.623 -69.799 -88.611 89.416 -1.117 -1.418 1.431
1661540662.8894246 1.5220 0 -0.166 0.084 -1.016 -23.809 12.031 -145.792 -0.381 0.193 -2.333
1661540662.8921442 1.5250 1 -0.492 -0.618 0.618 -70.560 -88.637 88.699 -1.129 -1.418 1.419
1661540662.9053142 1.5380 0 -0.164 0.081 -1.023 -23.564 11.594 -146.790 -0.377 0.186 -2.349
1661540662.9081397 1.5410 1 -0.488 -0.617 0.624 -70.052 -88.524 89.530 -1.121 -1.416 1.432
1661540662.9213922 1.5540 0 -0.168 0.081 -1.015 -24.045 11.620 -145.644 -0.385 0.186 -2.330
1661540662.9242315 1.5570 1 -0.488 -0.619 0.618 -70.018 -88.848 88.655 -1.120 -1.422 1.418
1661540662.937248 1.5700 0 -0.166 0.082 -1.022 -23.791 11.708 -146.527 -0.381 0.187 -2.344
1661540662.9400847 1.5730 1 -0.489 -0.620 0.626 -70.105 -88.961 89.793 -1.122 -1.423 1.437
1661540662.9533205 1.5860 0 -0.165 0.081 -1.021 -23.669 11.646 -146.484 -0.379 0.186 -2.344
1661540662.9560213 1.5890 1 -0.488 -0.619 0.625 -70.035 -88.751 89.626 -1.121 -1.420 1.434
1661540662.9693224 1.6020 0 -0.167 0.080 -1.022 -23.940 11.454 -146.536 -0.383 0.183 -2.345
1661540662.9721878 1.6050 1 -0.489 -0.618 0.625 -70.079 -88.629 89.661 -1.121 -1.418 1.435
1661540662.9852562 1.6180 0 -0.167 0.081 -1.022 -23.993 11.620 -146.589 -0.384 0.186 -2.345
1661540662.9880314 1.6210 1 -0.488 -0.619 0.626 -70.018 -88.795 89.784 -1.120 -1.421 1.437
1661540663.001173 1.6340 0 -0.164 0.083 -1.020 -23.564 11.856 -146.291 -0.377 0.190 -2.341
1661540663.0041223 1.6370 1 -0.492 -0.622 0.622 -70.613 -89.162 89.198 -1.130 -1.427 1.427
1661540663.0171719 1.6500 0 -0.157 0.085 -1.026 -22.479 12.206 -147.219 -0.360 0.195 -2.355
1661540663.020004 1.6530 1 -0.491 -0.616 0.621 -70.473 -88.314 89.022 -1.128 -1.413 1.424
1661540663.0331802 1.6660 0 -0.166 0.085 -1.016 -23.835 12.233 -145.749 -0.381 0.196 -2.332
1661540663.0360553 1.6690 1 -0.490 -0.619 0.623 -70.245 -88.734 89.294 -1.124 -1.420 1.429
1661540663.0491748 1.6820 0 -0.167 0.082 -1.020 -23.923 11.830 -146.335 -0.383 0.189 -2.341
1661540663.052044 1.6850 1 -0.489 -0.620 0.627 -70.096 -88.996 89.924 -1.122 -1.424 1.439
1661540663.0653274 1.6980 0 -0.165 0.079 -1.015 -23.642 11.296 -145.661 -0.378 0.181 -2.331
1661540663.068007 1.7010 1 -0.487 -0.622 0.624 -69.904 -89.189 89.504 -1.118 -1.427 1.432
1661540663.0812511 1.7140 0 -0.162 0.082 -1.020 -23.266 11.813 -146.361 -0.372 0.189 -2.342
1661540663.084077 1.7170 1 -0.489 -0.618 0.626 -70.140 -88.716 89.819 -1.122 -1.419 1.437
1661540663.0972679 1.7300 0 -0.163 0.082 -1.016 -23.362 11.760 -145.731 -0.374 0.188 -2.332
1661540663.1000452 1.7330 1 -0.491 -0.620 0.625 -70.403 -88.900 89.679 -1.126 -1.422 1.435
1661540663.113329 1.7460 0 -0.165 0.082 -1.019 -23.599 11.830 -146.143 -0.378 0.189 -2.338
1661540663.116103 1.7490 1 -0.488 -0.620 0.627 -69.948 -88.996 90.003 -1.119 -1.424 1.440
1661540663.129168 1.7620 0 -0.164 0.081 -1.016 -23.555 11.568 -145.723 -0.377 0.185 -2.332
1661540663.132012 1.7650 1 -0.490 -0.618 0.618 -70.315 -88.707 88.576 -1.125 -1.419 1.417
1661540663.145351 1.7780 0 -0.165 0.082 -1.019 -23.695 11.786 -146.239 -0.379 0.189 -2.340
1661540663.1480453 1.7810 1 -0.489 -0.618 0.625 -70.184 -88.603 89.696 -1.123 -1.418 1.435
1661540663.1613789 1.7940 0 -0.166 0.082 -1.017 -23.861 11.708 -145.863 -0.382 0.187 -2.334
1661540663.1640456 1.7970 1 -0.490 -0.619 0.620 -70.271 -88.848 88.900 -1.124 -1.422 1.422
1661540663.1772459 1.8100 0 -0.166 0.081 -1.019 -23.826 11.629 -146.195 -0.381 0.186 -2.339
1661540663.1799934 1.8130 1 -0.489 -0.620 0.627 -70.122 -88.882 89.967 -1.122 -1.422 1.439
1661540663.1935189 1.8260 0 -0.165 0.083 -1.018 -23.677 11.900 -146.029 -0.379 0.190 -2.336
1661540663.1960604 1.8290 1 -0.487 -0.618 0.625 -69.921 -88.646 89.679 -1.119 -1.418 1.435
1661540663.2095068 1.8420 0 -0.163 0.080 -1.008 -23.450 11.541 -144.576 -0.375 0.185 -2.313
1661540663.2120705 1.8450 1 -0.486 -0.617 0.625 -69.772 -88.436 89.653 -1.116 -1.415 1.434
1661540663.2255697 1.8580 0 -0.166 0.081 -1.017 -23.826 11.672 -145.871 -0.381 0.187 -2.334
1661540663.2280812 1.8610 1 -0.487 -0.619 0.626 -69.878 -88.769 89.863 -1.118 -1.420 1.438
1661540663.2414243 1.8740 0 -0.164 0.079 -1.019 -23.503 11.314 -146.143 -0.376 0.181 -2.338
1661540663.2442667 1.8770 1 -0.489 -0.618 0.625 -70.149 -88.637 89.670 -1.122 -1.418 1.435
1661540663.2574286 1.8900 0 -0.166 0.082 -1.019 -23.774 11.795 -146.107 -0.380 0.189 -2.338
1661540663.2602816 1.8930 1 -0.490 -0.619 0.623 -70.236 -88.760 89.416 -1.124 -1.420 1.431
1661540663.273315 1.9060 0 -0.165 0.082 -1.018 -23.616 11.734 -145.967 -0.378 0.188 -2.335
1661540663.276052 1.9090 1 -0.490 -0.617 0.625 -70.262 -88.559 89.661 -1.124 -1.417 1.435
1661540663.2893937 1.9220 0 -0.166 0.083 -1.018 -23.809 11.935 -146.090 -0.381 0.191 -2.337
1661540663.2922049 1.9250 1 -0.492 -0.618 0.625 -70.516 -88.620 89.679 -1.128 -1.418 1.435
1661540663.3054605 1.9380 0 -0.163 0.083 -1.021 -23.398 11.882 -146.501 -0.374 0.190 -2.344
1661540663.3081114 1.9410 1 -0.487 -0.619 0.626 -69.834 -88.725 89.827 -1.117 -1.420 1.437
1661540663.321213 1.9540 0 -0.165 0.080 -1.019 -23.739 11.489 -146.099 -0.380 0.184 -2.338
1661540663.3240585 1.9570 1 -0.494 -0.623 0.626 -70.910 -89.338 89.775 -1.135 -1.429 1.436
1661540663.3373563 1.9700 0 -0.166 0.082 -1.019 -23.756 11.716 -146.239 -0.380 0.187 -2.340
1661540663.3400996 1.9730 1 -0.485 -0.617 0.629 -69.571 -88.533 90.221 -1.113 -1.417 1.444
1661540663.353217 1.9860 0 -0.164 0.083 -1.017 -23.468 11.847 -145.889 -0.375 0.190 -2.334
1661540663.3561637 1.9890 1 -0.488 -0.622 0.628 -70.000 -89.206 90.046 -1.120 -1.427 1.441
1661540663.369292 2.0020 0 -0.166 0.080 -1.019 -23.756 11.533 -146.143 -0.380 0.185 -2.338
1661540663.372108 2.0050 1 -0.488 -0.618 0.623 -70.044 -88.576 89.434 -1.121 -1.417 1.431
1661540663.3852656 2.0180 0 -0.165 0.081 -1.015 -23.616 11.681 -145.591 -0.378 0.187 -2.329
1661540663.3880868 2.0210 1 -0.491 -0.618 0.626 -70.429 -88.655 89.740 -1.127 -1.418 1.436
1661540663.4012997 2.0340 0 -0.164 0.082 -1.019 -23.538 11.778 -146.178 -0.377 0.188 -2.339
1661540663.404119 2.0370 1 -0.490 -0.619 0.626 -70.271 -88.804 89.784 -1.124 -1.421 1.437
1661540663.4172413 2.0500 0 -0.166 0.081 -1.017 -23.774 11.664 -145.819 -0.380 0.187 -2.333
1661540663.420122 2.0530 1 -0.488 -0.618 0.609 -70.000 -88.690 87.404 -1.120 -1.419 1.398
1661540663.4331958 2.0660 0 -0.164 0.081 -1.019 -23.581 11.594 -146.151 -0.377 0.186 -2.338
1661540663.4363062 2.0690 1 -0.492 -0.618 0.627 -70.551 -88.620 89.880 -1.129 -1.418 1.438
1661540663.4492004 2.0820 0 -0.166 0.082 -1.014 -23.791 11.830 -145.434 -0.381 0.189 -2.327
1661540663.4522846 2.0850 1 -0.489 -0.618 0.629 -70.131 -88.620 90.160 -1.122 -1.418 1.443
1661540663.4652503 2.0980 0 -0.165 0.081 -1.018 -23.642 11.602 -146.046 -0.378 0.186 -2.337
1661540663.468155 2.1010 1 -0.489 -0.618 0.629 -70.166 -88.673 90.239 -1.123 -1.419 1.444
1661540663.4812832 2.1140 0 -0.177 0.077 -1.057 -25.366 11.007 -151.620 -0.406 0.176 -2.426
1661540663.4840562 2.1170 1 -0.485 -0.619 0.628 -69.632 -88.769 90.116 -1.114 -1.420 1.442
1661540663.4972763 2.1300 0 -0.164 0.088 -1.017 -23.476 12.626 -145.871 -0.376 0.202 -2.334
1661540663.500032 2.1330 1 -0.485 -0.619 0.623 -69.615 -88.760 89.390 -1.114 -1.420 1.430
1661540663.513334 2.1460 0 -0.164 0.083 -1.021 -23.494 11.918 -146.440 -0.376 0.191 -2.343
1661540663.516029 2.1490 1 -0.493 -0.621 0.621 -70.787 -89.066 89.084 -1.133 -1.425 1.425
1661540663.5294106 2.1620 0 -0.161 0.079 -1.034 -23.161 11.358 -148.321 -0.371 0.182 -2.373
1661540663.5320446 2.1650 1 -0.489 -0.621 0.624 -70.184 -89.058 89.495 -1.123 -1.425 1.432
1661540663.5454972 2.1780 0 -0.167 0.078 -1.012 -23.896 11.130 -145.215 -0.382 0.178 -2.323
1661540663.5481179 2.1810 1 -0.493 -0.629 0.631 -70.717 -90.256 90.536 -1.131 -1.444 1.449
1661540663.5611541 2.1940 0 -0.162 0.078 -0.978 -23.249 11.200 -140.350 -0.372 0.179 -2.246
1661540663.5640018 2.1970 1 -0.481 -0.610 0.629 -68.941 -87.518 90.291 -1.103 -1.400 1.445
1661540663.577283 2.2100 0 -0.162 0.083 -1.012 -23.196 11.900 -145.189 -0.371 0.190 -2.323
1661540663.5800135 2.2130 1 -0.471 -0.607 0.630 -67.603 -87.080 90.344 -1.082 -1.393 1.446
1661540663.5931952 2.2260 0 -0.165 0.082 -1.009 -23.669 11.708 -144.699 -0.379 0.187 -2.315
1661540663.5960097 2.2290 1 -0.489 -0.615 0.631 -70.201 -88.261 90.510 -1.123 -1.412 1.448
1661540663.6091857 2.2420 0 -0.162 0.086 -1.044 -23.284 12.294 -149.774 -0.373 0.197 -2.396
1661540663.6120043 2.2450 1 -0.488 -0.622 0.627 -70.000 -89.232 89.889 -1.120 -1.428 1.438
1661540663.6252577 2.2580 0 -0.165 0.084 -0.989 -23.651 11.979 -141.881 -0.378 0.192 -2.270
1661540663.6280181 2.2610 1 -0.484 -0.619 0.627 -69.431 -88.734 89.924 -1.111 -1.420 1.439
1661540663.6414132 2.2740 0 -0.168 0.092 -1.010 -24.045 13.239 -144.917 -0.385 0.212 -2.319
1661540663.6441088 2.2770 1 -0.486 -0.619 0.624 -69.711 -88.839 89.521 -1.115 -1.421 1.432
1661540663.657357 2.2900 0 -0.166 0.086 -1.069 -23.800 12.267 -153.344 -0.381 0.196 -2.454
1661540663.6601994 2.2930 1 -0.485 -0.618 0.623 -69.598 -88.620 89.372 -1.114 -1.418 1.430
1661540663.673214 2.3060 0 -0.163 0.084 -1.040 -23.389 12.066 -149.109 -0.374 0.193 -2.386
1661540663.6761298 2.3090 1 -0.492 -0.625 0.628 -70.569 -89.714 90.073 -1.129 -1.435 1.441
1661540663.6893773 2.3220 0 -0.161 0.082 -1.014 -23.074 11.795 -145.495 -0.369 0.189 -2.328
1661540663.6920104 2.3250 1 -0.492 -0.624 0.627 -70.595 -89.521 89.967 -1.130 -1.432 1.439
1661540663.7052815 2.3380 0 -0.164 0.097 -1.085 -23.485 13.965 -155.645 -0.376 0.223 -2.490
1661540663.7082732 2.3410 1 -0.488 -0.617 0.631 -70.061 -88.515 90.571 -1.121 -1.416 1.449
1661540663.7212894 2.3540 0 -0.164 0.084 -0.981 -23.459 12.066 -140.709 -0.375 0.193 -2.251
1661540663.7240798 2.3570 1 -0.494 -0.620 0.629 -70.796 -88.952 90.204 -1.133 -1.423 1.443
1661540663.7373486 2.3700 0 -0.160 0.086 -1.007 -22.899 12.390 -144.384 -0.366 0.198 -2.310
1661540663.7401369 2.3730 1 -0.490 -0.620 0.623 -70.350 -88.900 89.338 -1.126 -1.422 1.429
1661540663.7533054 2.3860 0 -0.160 0.086 -1.057 -22.881 12.408 -151.594 -0.366 0.199 -2.426
1661540663.7561357 2.3890 1 -0.495 -0.628 0.629 -70.936 -90.143 90.291 -1.135 -1.442 1.445
1661540663.769171 2.4020 0 -0.173 0.085 -1.052 -24.824 12.259 -150.955 -0.397 0.196 -2.415
